latitude,longitude
46.123,20.252
46.125,20.240
46.133,20.242
46.135,20.233
46.129,20.230
46.136,20.210
46.144,20.208
46.151,20.196
46.154,20.187
46.154,20.180
46.143,20.144
46.144,20.137
46.150,20.132
46.152,20.126
46.163,20.107
46.171,20.104
46.174,20.107
46.177,20.102
46.177,20.096
46.144,20.064
46.147,20.062
46.148,20.058
46.145,20.042
46.145,20.036
46.147,20.033
46.173,20.023
46.176,20.016
46.176,19.937
46.164,19.915
46.153,19.878
46.150,19.854
46.141,19.845
46.128,19.817
46.135,19.802
46.140,19.797
46.139,19.792
46.144,19.781
46.144,19.772
46.148,19.758
46.166,19.740
46.169,19.733
46.168,19.727
46.172,19.718
46.175,19.718
46.187,19.699
46.182,19.691
46.175,19.680
46.194,19.670
46.184,19.649
46.182,19.640
46.170,19.631
46.179,19.567
46.174,19.560
46.170,19.562
46.168,19.558
46.166,19.560
46.148,19.526
46.152,19.517
46.142,19.503
46.138,19.509
46.134,19.508
46.121,19.526
46.111,19.509
46.104,19.486
46.105,19.484
46.105,19.482
46.102,19.480
46.097,19.470
46.096,19.466
46.082,19.467
46.067,19.439
46.055,19.423
46.046,19.415
46.043,19.396
46.036,19.380
46.052,19.364
46.043,19.351
46.033,19.329
46.014,19.282
46.008,19.293
46.003,19.307
46.002,19.291
45.996,19.283
46.002,19.262
46.004,19.166
46.008,19.158
46.007,19.145
46.023,19.136
46.037,19.133
46.038,19.113
46.040,19.105
46.000,19.065
45.997,19.070
45.984,19.079
45.976,19.081
45.969,19.085
45.968,19.058
45.966,19.055
45.963,19.018
45.959,19.006
45.929,19.022
45.929,19.006
45.930,19.005
45.938,18.999
45.934,18.984
45.930,18.974
45.933,18.950
45.930,18.934
45.935,18.906
45.928,18.884
45.924,18.891
45.921,18.895
45.913,18.907
45.911,18.908
45.908,18.907
45.908,18.898
45.901,18.875
45.896,18.870
45.894,18.870
45.888,18.875
45.887,18.877
45.876,18.898
45.874,18.900
45.872,18.904
45.869,18.906
45.865,18.904
45.864,18.901
45.862,18.897
45.859,18.891
45.858,18.882
45.859,18.870
45.862,18.863
45.858,18.858
45.848,18.860
45.842,18.862
45.833,18.860
45.830,18.855
45.816,18.841
45.813,18.842
45.814,18.849
45.812,18.852
45.809,18.849
45.808,18.853
45.809,18.856
45.806,18.860
45.808,18.876
45.813,18.881
45.819,18.881
45.826,18.889
45.826,18.895
45.821,18.915
45.818,18.920
45.803,18.927
45.787,18.921
45.784,18.921
45.781,18.924
45.779,18.923
45.772,18.909
45.771,18.900
45.775,18.894
45.778,18.893
45.784,18.881
45.784,18.872
45.780,18.862
45.775,18.853
45.772,18.851
45.769,18.852
45.766,18.855
45.762,18.860
45.755,18.885
45.746,18.905
45.745,18.911
45.745,18.918
45.748,18.927
45.756,18.939
45.760,18.947
45.762,18.948
45.767,18.956
45.767,18.963
45.766,18.968
45.763,18.971
45.760,18.972
45.751,18.971
45.748,18.978
45.740,18.979
45.734,18.976
45.727,18.966
45.724,18.961
45.723,18.954
45.723,18.943
45.722,18.937
45.722,18.932
45.726,18.916
45.723,18.910
45.716,18.905
45.711,18.907
45.715,18.929
45.714,18.934
45.717,18.950
45.722,18.961
45.721,18.972
45.718,18.975
45.715,18.978
45.700,18.974
45.697,18.972
45.695,18.967
45.695,18.962
45.696,18.956
45.697,18.953
45.702,18.950
45.705,18.944
45.704,18.935
45.706,18.931
45.706,18.928
45.705,18.925
45.706,18.922
45.708,18.919
45.708,18.916
45.705,18.918
45.703,18.915
45.690,18.928
45.685,18.938
45.684,18.952
45.680,18.958
45.670,18.964
45.669,18.961
45.664,18.972
45.658,18.975
45.652,18.973
45.651,18.970
45.649,18.963
45.644,18.947
45.644,18.933
45.640,18.932
45.635,18.935
45.633,18.934
45.632,18.936
45.634,18.944
45.628,18.951
45.625,18.951
45.623,18.946
45.622,18.938
45.626,18.922
45.621,18.915
45.618,18.913
45.614,18.913
45.614,18.928
45.617,18.931
45.618,18.939
45.620,18.942
45.619,18.944
45.611,18.942
45.608,18.945
45.603,18.943
45.599,18.936
45.598,18.927
45.599,18.919
45.601,18.913
45.590,18.902
45.576,18.896
45.573,18.897
45.569,18.900
45.567,18.907
45.567,18.912
45.568,18.915
45.565,18.929
45.561,18.933
45.552,18.935
45.548,18.934
45.544,18.929
45.536,18.936
45.531,18.946
45.537,18.989
45.540,18.991
45.547,19.001
45.550,19.004
45.552,19.006
45.554,19.006
45.556,19.018
45.552,19.027
45.546,19.033
45.537,19.033
45.532,19.039
45.530,19.074
45.527,19.076
45.527,19.081
45.521,19.091
45.520,19.095
45.516,19.102
45.508,19.102
45.497,19.098
45.493,19.089
45.487,19.081
45.488,19.068
45.484,19.049
45.485,19.035
45.487,19.034
45.496,19.013
45.498,19.002
45.482,18.989
45.464,18.989
45.453,18.986
45.440,18.991
45.434,19.002
45.434,19.005
45.427,19.020
45.421,19.028
45.415,19.030
45.409,19.028
45.403,19.022
45.400,19.011
45.400,18.998
45.398,18.984
45.393,18.974
45.385,18.970
45.378,18.971
45.373,18.976
45.358,19.005
45.358,19.010
45.352,19.023
45.350,19.035
45.349,19.048
45.343,19.056
45.342,19.070
45.336,19.091
45.329,19.097
45.318,19.099
45.313,19.098
45.300,19.104
45.294,19.114
45.282,19.139
45.277,19.152
45.273,19.170
45.266,19.184
45.267,19.190
45.265,19.196
45.266,19.202
45.265,19.224
45.272,19.244
45.279,19.251
45.282,19.260
45.281,19.264
45.278,19.272
45.274,19.275
45.272,19.275
45.265,19.270
45.259,19.264
45.254,19.260
45.248,19.259
45.243,19.260
45.236,19.287
45.236,19.305
45.233,19.329
45.231,19.374
45.234,19.422
45.225,19.423
45.216,19.428
45.195,19.448
45.194,19.445
45.193,19.437
45.191,19.437
45.189,19.434
45.187,19.430
45.180,19.433
45.175,19.440
45.173,19.435
45.168,19.425
45.164,19.425
45.170,19.393
45.170,19.371
45.173,19.364
45.169,19.357
45.164,19.355
45.164,19.351
45.166,19.349
45.167,19.347
45.173,19.347
45.177,19.330
45.182,19.332
45.185,19.329
45.201,19.321
45.208,19.320
45.205,19.287
45.207,19.283
45.199,19.285
45.195,19.289
45.193,19.288
45.194,19.282
45.192,19.282
45.180,19.293
45.176,19.294
45.171,19.297
45.173,19.291
45.171,19.287
45.172,19.277
45.174,19.274
45.176,19.273
45.175,19.266
45.174,19.262
45.175,19.260
45.173,19.250
45.177,19.247
45.175,19.239
45.179,19.233
45.184,19.229
45.186,19.221
45.187,19.214
45.191,19.210
45.200,19.191
45.202,19.185
45.200,19.179
45.202,19.176
45.200,19.171
45.190,19.166
45.185,19.184
45.179,19.194
45.167,19.188
45.130,19.142
45.134,19.120
45.138,19.114
45.146,19.087
45.139,19.088
45.134,19.081
45.127,19.078
45.115,19.077
45.113,19.077
45.111,19.084
45.110,19.082
45.106,19.086
45.106,19.088
45.101,19.094
45.100,19.093
45.097,19.095
45.093,19.092
45.086,19.098
45.083,19.101
45.081,19.106
45.058,19.095
45.055,19.102
45.052,19.102
45.051,19.106
45.048,19.104
45.048,19.102
45.045,19.102
45.044,19.103
45.038,19.095
45.034,19.096
45.033,19.099
45.030,19.099
45.028,19.100
45.027,19.098
45.018,19.100
45.011,19.103
45.006,19.096
45.000,19.095
44.996,19.090
44.994,19.087
44.989,19.081
44.983,19.062
44.980,19.053
44.978,19.052
44.974,19.064
44.973,19.071
44.972,19.075
44.974,19.081
44.974,19.086
44.971,19.092
44.972,19.103
44.970,19.109
44.971,19.114
44.976,19.117
44.981,19.136
44.976,19.146
44.968,19.146
44.958,19.146
44.958,19.153
44.956,19.153
44.953,19.155
44.950,19.150
44.947,19.142
44.946,19.143
44.941,19.141
44.939,19.125
44.939,19.123
44.935,19.118
44.933,19.111
44.934,19.109
44.933,19.103
44.931,19.104
44.926,19.088
44.924,19.087
44.923,19.084
44.920,19.084
44.918,19.086
44.916,19.087
44.916,19.083
44.913,19.081
44.910,19.086
44.907,19.082
44.907,19.075
44.902,19.068
44.912,19.044
44.921,19.036
44.923,19.031
44.921,19.015
44.916,18.999
44.913,18.999
44.906,18.988
44.903,18.990
44.896,18.991
44.885,18.999
44.884,19.004
44.856,19.022
44.855,19.016
44.852,19.009
44.854,19.023
44.859,19.041
44.864,19.068
44.873,19.074
44.881,19.084
44.883,19.090
44.886,19.117
44.887,19.120
44.889,19.121
44.891,19.124
44.897,19.128
44.907,19.159
44.913,19.166
44.918,19.184
44.913,19.201
44.907,19.202
44.901,19.205
44.897,19.214
44.898,19.226
44.910,19.247
44.912,19.256
44.909,19.263
44.907,19.265
44.902,19.276
44.905,19.289
44.906,19.308
44.898,19.326
44.896,19.329
44.891,19.352
44.880,19.352
44.883,19.358
44.885,19.361
44.880,19.371
44.875,19.373
44.867,19.370
44.864,19.374
44.862,19.375
44.853,19.374
44.852,19.369
44.850,19.365
44.847,19.362
44.844,19.357
44.841,19.355
44.838,19.351
44.833,19.361
44.828,19.362
44.826,19.355
44.826,19.344
44.822,19.339
44.819,19.331
44.820,19.322
44.812,19.321
44.808,19.313
44.804,19.315
44.799,19.316
44.792,19.318
44.790,19.302
44.786,19.301
44.783,19.299
44.780,19.299
44.777,19.309
44.778,19.328
44.772,19.327
44.770,19.310
44.767,19.307
44.764,19.303
44.759,19.314
44.754,19.314
44.746,19.331
44.740,19.320
44.720,19.318
44.717,19.315
44.717,19.313
44.707,19.311
44.704,19.309
44.699,19.309
44.692,19.298
44.685,19.288
44.682,19.285
44.678,19.284
44.671,19.280
44.662,19.281
44.658,19.274
44.654,19.275
44.648,19.271
44.646,19.271
44.635,19.263
44.635,19.258
44.633,19.253
44.627,19.245
44.623,19.243
44.621,19.243
44.609,19.237
44.604,19.231
44.601,19.228
44.596,19.231
44.592,19.230
44.589,19.227
44.586,19.221
44.574,19.216
44.574,19.208
44.574,19.203
44.576,19.199
44.573,19.189
44.570,19.187
44.568,19.188
44.566,19.187
44.563,19.189
44.558,19.196
44.554,19.197
44.546,19.199
44.544,19.197
44.541,19.194
44.538,19.193
44.534,19.186
44.534,19.183
44.525,19.174
44.522,19.169
44.519,19.166
44.520,19.140
44.517,19.134
44.517,19.132
44.507,19.129
44.504,19.128
44.487,19.130
44.456,19.141
44.433,19.146
44.426,19.150
44.418,19.149
44.413,19.147
44.408,19.144
44.396,19.117
44.395,19.115
44.390,19.111
44.371,19.108
44.364,19.118
44.355,19.116
44.347,19.119
44.338,19.129
44.333,19.133
44.317,19.133
44.311,19.135
44.308,19.146
44.289,19.157
44.283,19.164
44.279,19.169
44.281,19.189
44.285,19.196
44.288,19.205
44.286,19.212
44.268,19.222
44.267,19.227
44.264,19.229
44.263,19.241
44.271,19.277
44.268,19.305
44.269,19.315
44.266,19.324
44.244,19.337
44.229,19.345
44.217,19.346
44.205,19.358
44.191,19.357
44.182,19.364
44.162,19.407
44.153,19.412
44.147,19.415
44.140,19.422
44.134,19.447
44.149,19.465
44.148,19.474
44.144,19.477
44.144,19.479
44.138,19.479
44.127,19.474
44.121,19.477
44.120,19.481
44.115,19.491
44.102,19.498
44.094,19.501
44.084,19.507
44.080,19.517
44.078,19.519
44.075,19.526
44.074,19.543
44.066,19.558
44.063,19.560
44.057,19.562
44.051,19.565
44.047,19.574
44.047,19.581
44.065,19.584
44.066,19.600
44.060,19.605
44.050,19.608
44.052,19.618
44.050,19.622
44.047,19.623
44.017,19.621
44.013,19.613
44.004,19.579
43.994,19.565
43.980,19.564
43.976,19.549
43.974,19.545
43.969,19.535
43.963,19.527
43.956,19.523
43.954,19.518
43.949,19.492
43.958,19.410
43.964,19.400
43.961,19.391
43.955,19.381
43.961,19.352
43.978,19.345
43.984,19.317
43.985,19.307
43.990,19.298
43.992,19.272
44.004,19.250
44.008,19.232
44.001,19.229
43.990,19.230
43.983,19.233
43.974,19.234
43.961,19.247
43.951,19.247
43.947,19.244
43.932,19.253
43.928,19.264
43.909,19.281
43.888,19.312
43.872,19.324
43.848,19.358
43.838,19.363
43.835,19.378
43.818,19.384
43.808,19.405
43.798,19.412
43.788,19.446
43.773,19.465
43.742,19.473
43.724,19.509
43.715,19.516
43.711,19.516
43.703,19.512
43.667,19.517
43.656,19.516
43.649,19.515
43.643,19.511
43.638,19.507
43.636,19.503
43.637,19.492
43.609,19.498
43.593,19.513
43.585,19.509
43.580,19.502
43.577,19.494
43.573,19.485
43.582,19.451
43.581,19.444
43.573,19.441
43.554,19.429
43.547,19.432
43.541,19.430
43.539,19.416
43.542,19.401
43.550,19.389
43.575,19.398
43.581,19.396
43.592,19.398
43.594,19.394
43.596,19.378
43.606,19.374
43.609,19.369
43.608,19.361
43.602,19.355
43.599,19.347
43.582,19.325
43.583,19.305
43.581,19.296
43.591,19.260
43.591,19.250
43.582,19.238
43.528,19.235
43.519,19.231
43.514,19.224
43.520,19.201
43.529,19.184
43.528,19.156
43.523,19.137
43.515,19.063
43.506,19.037
43.508,19.036
43.515,19.037
43.517,19.035
43.520,19.035
43.521,19.034
43.530,19.035
43.533,19.032
43.535,19.028
43.540,19.023
43.542,19.007
43.545,19.005
43.546,19.001
43.549,19.000
43.551,18.997
43.552,18.987
43.547,18.986
43.541,18.981
43.539,18.976
43.532,18.975
43.527,18.963
43.525,18.942
43.503,18.914
43.498,18.912
43.495,18.918
43.492,18.923
43.496,18.924
43.500,18.927
43.502,18.928
43.506,18.931
43.507,18.940
43.497,18.945
43.486,18.963
43.478,18.961
43.457,18.959
43.454,18.963
43.456,18.972
43.448,18.990
43.444,19.007
43.440,19.009
43.436,19.015
43.426,19.019
43.423,19.021
43.416,19.022
43.412,19.024
43.389,19.027
43.379,19.029
43.373,19.033
43.366,19.036
43.358,19.052
43.351,19.061
43.347,19.063
43.342,19.077
43.340,19.082
43.325,19.095
43.316,19.095
43.313,19.093
43.309,19.092
43.308,19.090
43.302,19.090
43.300,19.081
43.302,19.071
43.301,19.059
43.299,19.055
43.300,19.045
43.301,19.038
43.293,19.039
43.267,19.021
43.266,19.018
43.264,19.018
43.258,19.000
43.261,18.998
43.263,18.995
43.265,18.987
43.269,18.978
43.279,18.979
43.291,18.952
43.297,18.948
43.316,18.949
43.318,18.952
43.321,18.955
43.328,18.958
43.331,18.957
43.334,18.956
43.338,18.939
43.362,18.912
43.363,18.907
43.363,18.904
43.361,18.901
43.360,18.896
43.361,18.871
43.360,18.865
43.360,18.855
43.356,18.850
43.350,18.849
43.348,18.842
43.320,18.845
43.308,18.793
43.292,18.754
43.283,18.729
43.258,18.686
43.252,18.695
43.248,18.699
43.245,18.704
43.233,18.711
43.224,18.712
43.220,18.697
43.202,18.665
43.196,18.658
43.188,18.656
43.185,18.653
43.163,18.652
43.143,18.645
43.045,18.652
43.039,18.633
43.033,18.537
43.029,18.531
43.028,18.530
43.027,18.527
42.980,18.499
42.940,18.489
42.910,18.493
42.902,18.500
42.898,18.501
42.894,18.504
42.884,18.489
42.872,18.486
42.859,18.462
42.842,18.460
42.818,18.466
42.811,18.456
42.794,18.459
42.751,18.477
42.749,18.487
42.743,18.495
42.739,18.495
42.735,18.513
42.730,18.520
42.727,18.527
42.728,18.547
42.724,18.551
42.723,18.555
42.715,18.557
42.708,18.555
42.690,18.543
42.682,18.546
42.670,18.558
42.669,18.560
42.658,18.562
42.654,18.559
42.650,18.558
42.646,18.550
42.643,18.541
42.635,18.527
42.633,18.524
42.632,18.521
42.623,18.515
42.616,18.516
42.601,18.532
42.590,18.540
42.588,18.540
42.588,18.532
42.594,18.510
42.595,18.495
42.591,18.486
42.578,18.479
42.575,18.474
42.564,18.469
42.558,18.450
42.557,18.438
42.550,18.440
42.538,18.438
42.520,18.437
42.509,18.447
42.498,18.440
42.484,18.434
42.480,18.441
42.474,18.449
42.468,18.465
42.449,18.486
42.440,18.496
42.430,18.508
42.422,18.526
41.947,19.151
41.854,19.356
41.864,19.357
41.864,19.375
41.875,19.376
41.885,19.381
41.889,19.378
41.891,19.373
41.899,19.366
41.902,19.351
41.907,19.345
41.913,19.347
41.919,19.366
41.924,19.371
41.929,19.370
41.935,19.362
41.948,19.352
41.957,19.354
41.960,19.361
41.961,19.375
41.963,19.384
41.968,19.389
41.978,19.377
41.995,19.380
42.022,19.370
42.034,19.370
42.046,19.377
42.070,19.381
42.078,19.387
42.086,19.392
42.102,19.405
42.182,19.291
42.239,19.351
42.249,19.355
42.294,19.387
42.327,19.423
42.350,19.419
42.365,19.429
42.381,19.437
42.383,19.442
42.389,19.453
42.395,19.474
42.408,19.487
42.440,19.509
42.445,19.524
42.451,19.523
42.459,19.533
42.470,19.541
42.473,19.546
42.493,19.561
42.516,19.569
42.522,19.578
42.532,19.603
42.536,19.606
42.540,19.612
42.546,19.624
42.553,19.624
42.569,19.615
42.578,19.618
42.586,19.622
42.597,19.635
42.610,19.647
42.631,19.669
42.632,19.673
42.634,19.676
42.632,19.691
42.636,19.694
42.641,19.692
42.646,19.701
42.650,19.707
42.660,19.712
42.660,19.724
42.661,19.728
42.663,19.730
42.665,19.733
42.664,19.739
42.650,19.746
42.642,19.764
42.635,19.759
42.632,19.759
42.629,19.755
42.622,19.755
42.620,19.758
42.611,19.768
42.596,19.780
42.590,19.782
42.587,19.778
42.583,19.769
42.581,19.758
42.574,19.754
42.567,19.760
42.545,19.751
42.521,19.767
42.511,19.768
42.498,19.792
42.490,19.797
42.485,19.802
42.482,19.803
42.472,19.835
42.472,19.842
42.475,19.846
42.484,19.844
42.483,19.855
42.487,19.864
42.485,19.874
42.500,19.882
42.489,19.901
42.492,19.908
42.500,19.911
42.507,19.909
42.510,19.912
42.512,19.929
42.518,19.938
42.521,19.948
42.516,19.960
42.516,19.999
42.512,20.008
42.524,20.018
42.541,20.018
42.546,20.021
42.549,20.048
42.562,20.065
42.558,20.083
42.554,20.093
42.537,20.107
42.533,20.117
42.528,20.126
42.524,20.129
42.516,20.155
42.509,20.172
42.481,20.186
42.472,20.192
42.468,20.199
42.456,20.200
42.434,20.228
42.421,20.234
42.417,20.232
42.412,20.219
42.405,20.214
42.395,20.222
42.387,20.243
42.380,20.251
42.359,20.251
42.353,20.243
42.349,20.241
42.340,20.251
42.330,20.246
42.320,20.264
42.326,20.294
42.316,20.308
42.316,20.315
42.328,20.331
42.330,20.342
42.326,20.352
42.322,20.356
42.311,20.359
42.310,20.369
42.308,20.376
42.306,20.384
42.299,20.399
42.288,20.408
42.286,20.411
42.275,20.455
42.273,20.457
42.261,20.480
42.253,20.485
42.248,20.496
42.239,20.504
42.227,20.512
42.218,20.526
42.213,20.529
42.206,20.531
42.196,20.534
42.185,20.537
42.169,20.551
42.158,20.553
42.145,20.566
42.138,20.566
42.123,20.573
42.106,20.569
42.097,20.573
42.084,20.562
42.078,20.562
42.062,20.576
42.049,20.596
42.043,20.601
42.021,20.602
41.997,20.618
41.992,20.620
41.983,20.625
41.979,20.631
41.969,20.633
41.959,20.630
41.942,20.628
41.940,20.625
41.937,20.625
41.934,20.618
41.930,20.602
41.916,20.590
41.895,20.594
41.888,20.599
41.882,20.599
41.879,20.596
41.879,20.591
41.875,20.596
41.869,20.601
41.857,20.616
41.857,20.624
41.882,20.657
41.878,20.673
41.872,20.678
41.868,20.677
41.864,20.680
41.861,20.689
41.863,20.705
41.869,20.719
41.870,20.729
41.879,20.736
41.889,20.737
41.898,20.745
41.898,20.753
41.901,20.756
41.911,20.757
41.919,20.760
41.924,20.768
41.933,20.768
41.936,20.762
41.940,20.763
41.945,20.760
41.949,20.755
41.954,20.755
41.961,20.765
41.969,20.762
41.974,20.757
41.975,20.752
41.984,20.747
41.989,20.748
42.000,20.743
42.015,20.754
42.018,20.754
42.022,20.750
42.031,20.751
42.035,20.758
42.046,20.758
42.050,20.755
42.056,20.756
42.068,20.779
42.074,20.784
42.079,20.782
42.085,20.789
42.086,20.823
42.088,20.832
42.095,20.841
42.097,20.850
42.098,20.884
42.100,20.889
42.106,20.894
42.114,20.906
42.127,20.920
42.127,20.929
42.130,20.935
42.135,20.938
42.139,20.975
42.143,20.992
42.147,20.997
42.151,21.005
42.153,21.025
42.156,21.030
42.164,21.034
42.170,21.049
42.185,21.066
42.191,21.075
42.194,21.086
42.197,21.092
42.203,21.095
42.210,21.113
42.196,21.155
42.190,21.163
42.177,21.165
42.170,21.171
42.160,21.188
42.150,21.194
42.135,21.211
42.129,21.214
42.107,21.212
42.100,21.218
42.096,21.226
42.097,21.236
42.095,21.244
42.099,21.251
42.099,21.279
42.103,21.288
42.110,21.293
42.114,21.300
42.111,21.315
42.112,21.319
42.119,21.314
42.137,21.297
42.142,21.302
42.158,21.312
42.164,21.310
42.171,21.310
42.175,21.322
42.180,21.328
42.187,21.329
42.195,21.327
42.200,21.329
42.204,21.335
42.204,21.343
42.207,21.348
42.215,21.351
42.220,21.355
42.231,21.374
42.244,21.387
42.244,21.419
42.241,21.423
42.237,21.423
42.235,21.427
42.235,21.435
42.237,21.440
42.245,21.447
42.249,21.453
42.249,21.462
42.247,21.466
42.243,21.470
42.240,21.478
42.243,21.486
42.248,21.491
42.254,21.491
42.255,21.508
42.251,21.515
42.248,21.527
42.248,21.535
42.252,21.543
42.251,21.558
42.253,21.565
42.259,21.572
42.264,21.580
42.264,21.586
42.260,21.592
42.258,21.602
42.259,21.609
42.255,21.626
42.248,21.645
42.236,21.692
42.237,21.702
42.242,21.707
42.265,21.723
42.266,21.730
42.264,21.737
42.260,21.740
42.260,21.762
42.264,21.765
42.272,21.768
42.279,21.776
42.282,21.783
42.287,21.786
42.291,21.787
42.295,21.789
42.295,21.805
42.301,21.821
42.308,21.832
42.318,21.834
42.323,21.842
42.323,21.859
42.316,21.863
42.313,21.868
42.312,21.880
42.310,21.887
42.306,21.890
42.303,21.910
42.304,21.920
42.305,21.927
42.310,21.930
42.337,21.928
42.342,21.930
42.346,21.944
42.339,21.958
42.329,21.974
42.324,21.988
42.317,22.004
42.305,22.020
42.303,22.028
42.303,22.038
42.305,22.044
42.305,22.052
42.301,22.064
42.303,22.092
42.313,22.104
42.315,22.112
42.314,22.121
42.310,22.124
42.309,22.130
42.313,22.138
42.321,22.146
42.320,22.157
42.316,22.161
42.313,22.164
42.311,22.169
42.312,22.174
42.326,22.190
42.339,22.193
42.341,22.197
42.338,22.218
42.336,22.223
42.336,22.232
42.340,22.238
42.344,22.240
42.353,22.237
42.366,22.257
42.366,22.264
42.364,22.269
42.364,22.279
42.369,22.282
42.374,22.290
42.373,22.296
42.370,22.299
42.363,22.299
42.359,22.294
42.352,22.289
42.348,22.290
42.344,22.303
42.340,22.306
42.323,22.331
42.313,22.360
42.316,22.362
42.318,22.363
42.321,22.366
42.324,22.365
42.321,22.369
42.323,22.377
42.323,22.386
42.326,22.388
42.326,22.399
42.329,22.401
42.332,22.404
42.332,22.409
42.329,22.413
42.330,22.421
42.333,22.423
42.325,22.432
42.323,22.432
42.325,22.437
42.329,22.440
42.331,22.448
42.331,22.453
42.335,22.455
42.337,22.458
42.341,22.460
42.344,22.464
42.347,22.461
42.353,22.461
42.357,22.460
42.362,22.460
42.370,22.465
42.371,22.468
42.376,22.468
42.380,22.480
42.385,22.481
42.394,22.478
42.394,22.484
42.396,22.492
42.397,22.508
42.395,22.514
42.397,22.521
42.401,22.520
42.405,22.523
42.413,22.523
42.418,22.526
42.421,22.535
42.428,22.537
42.432,22.535
42.435,22.537
42.437,22.537
42.441,22.541
42.446,22.541
42.449,22.546
42.453,22.539
42.458,22.544
42.463,22.544
42.471,22.554
42.473,22.553
42.481,22.560
42.487,22.558
42.494,22.553
42.496,22.551
42.499,22.552
42.505,22.547
42.507,22.547
42.514,22.537
42.519,22.528
42.528,22.521
42.527,22.514
42.531,22.509
42.534,22.500
42.549,22.489
42.554,22.476
42.562,22.471
42.567,22.451
42.565,22.439
42.572,22.437
42.577,22.440
42.582,22.438
42.585,22.440
42.589,22.445
42.593,22.445
42.595,22.448
42.615,22.451
42.618,22.455
42.621,22.459
42.630,22.458
42.632,22.465
42.640,22.467
42.645,22.455
42.647,22.462
42.653,22.461
42.655,22.459
42.659,22.466
42.663,22.468
42.668,22.473
42.676,22.475
42.682,22.469
42.684,22.460
42.689,22.458
42.691,22.461
42.691,22.467
42.695,22.472
42.701,22.470
42.705,22.474
42.710,22.474
42.715,22.483
42.721,22.485
42.723,22.497
42.732,22.495
42.741,22.500
42.744,22.498
42.749,22.492
42.748,22.487
42.760,22.480
42.763,22.476
42.768,22.476
42.770,22.471
42.778,22.460
42.790,22.458
42.794,22.454
42.795,22.450
42.802,22.448
42.806,22.441
42.814,22.440
42.822,22.439
42.824,22.441
42.824,22.447
42.830,22.455
42.830,22.461
42.833,22.465
42.830,22.468
42.831,22.475
42.838,22.482
42.840,22.488
42.844,22.491
42.850,22.499
42.850,22.507
42.854,22.510
42.856,22.515
42.860,22.516
42.863,22.513
42.864,22.517
42.869,22.514
42.877,22.519
42.877,22.528
42.882,22.535
42.873,22.551
42.870,22.564
42.863,22.575
42.871,22.572
42.874,22.574
42.875,22.572
42.884,22.580
42.892,22.583
42.891,22.591
42.894,22.598
42.891,22.603
42.894,22.606
42.893,22.608
42.896,22.619
42.893,22.620
42.892,22.624
42.886,22.628
42.878,22.640
42.882,22.651
42.882,22.659
42.877,22.665
42.875,22.674
42.873,22.672
42.870,22.675
42.866,22.674
42.864,22.677
42.868,22.682
42.872,22.682
42.878,22.695
42.884,22.694
42.884,22.701
42.879,22.705
42.883,22.707
42.887,22.713
42.885,22.720
42.889,22.730
42.885,22.736
42.887,22.743
42.895,22.753
42.899,22.752
42.902,22.759
42.907,22.762
42.912,22.760
42.918,22.767
42.918,22.773
42.929,22.779
42.931,22.780
42.936,22.772
42.939,22.774
42.948,22.767
42.949,22.768
42.949,22.773
42.949,22.775
42.951,22.775
42.950,22.776
42.950,22.778
42.953,22.778
42.953,22.780
42.951,22.780
42.950,22.781
42.951,22.782
42.953,22.783
42.954,22.782
42.954,22.781
42.955,22.781
42.957,22.784
42.959,22.785
42.961,22.783
42.964,22.783
42.967,22.785
42.968,22.787
42.972,22.784
42.974,22.784
42.976,22.786
42.977,22.784
42.979,22.785
42.982,22.784
42.985,22.796
42.994,22.824
43.005,22.850
43.022,22.863
43.036,22.898
43.048,22.900
43.055,22.908
43.057,22.908
43.059,22.911
43.063,22.912
43.077,22.919
43.080,22.919
43.088,22.932
43.092,22.953
43.096,22.955
43.096,22.960
43.111,22.983
43.116,22.984
43.122,22.984
43.125,22.988
43.128,22.992
43.141,22.995
43.143,22.994
43.146,22.995
43.151,22.994
43.156,22.998
43.160,22.996
43.164,22.991
43.167,22.986
43.178,22.997
43.179,22.999
43.187,23.005
43.192,23.006
43.198,22.991
43.204,22.981
43.208,22.961
43.206,22.952
43.204,22.940
43.217,22.924
43.219,22.919
43.222,22.907
43.224,22.901
43.226,22.899
43.227,22.896
43.231,22.895
43.234,22.893
43.235,22.888
43.241,22.885
43.245,22.883
43.257,22.868
43.268,22.868
43.271,22.863
43.274,22.861
43.276,22.852
43.276,22.848
43.277,22.847
43.281,22.847
43.286,22.841
43.298,22.844
43.302,22.838
43.306,22.837
43.313,22.832
43.317,22.831
43.320,22.827
43.330,22.826
43.332,22.823
43.343,22.794
43.346,22.794
43.352,22.789
43.362,22.775
43.364,22.770
43.377,22.768
43.382,22.756
43.388,22.742
43.390,22.734
43.396,22.723
43.395,22.695
43.394,22.687
43.396,22.676
43.403,22.668
43.412,22.668
43.417,22.664
43.422,22.662
43.423,22.661
43.426,22.661
43.428,22.654
43.431,22.648
43.433,22.639
43.431,22.635
43.429,22.631
43.428,22.627
43.435,22.603
43.436,22.597
43.441,22.591
43.447,22.590
43.457,22.582
43.461,22.577
43.463,22.578
43.464,22.576
43.464,22.571
43.463,22.559
43.462,22.557
43.462,22.553
43.464,22.551
43.464,22.548
43.466,22.543
43.471,22.534
43.473,22.533
43.478,22.533
43.485,22.525
43.496,22.524
43.500,22.519
43.505,22.514
43.507,22.515
43.510,22.514
43.516,22.507
43.518,22.507
43.523,22.504
43.525,22.504
43.530,22.501
43.532,22.503
43.536,22.502
43.540,22.504
43.542,22.503
43.547,22.497
43.549,22.493
43.552,22.493
43.556,22.489
43.569,22.488
43.572,22.491
43.576,22.492
43.578,22.495
43.584,22.496
43.587,22.489
43.593,22.486
43.600,22.493
43.604,22.492
43.607,22.490
43.611,22.491
43.620,22.487
43.624,22.481
43.634,22.491
43.640,22.491
43.644,22.487
43.645,22.484
43.653,22.483
43.656,22.480
43.657,22.475
43.657,22.470
43.659,22.460
43.664,22.451
43.669,22.444
43.673,22.442
43.674,22.434
43.677,22.427
43.690,22.412
43.696,22.408
43.702,22.408
43.709,22.405
43.722,22.404
43.726,22.398
43.729,22.394
43.735,22.398
43.738,22.400
43.750,22.398
43.758,22.402
43.759,22.395
43.767,22.384
43.810,22.356
43.823,22.358
43.827,22.366
43.832,22.366
43.836,22.371
43.847,22.379
43.849,22.378
43.908,22.393
43.927,22.386
43.933,22.391
43.935,22.398
43.941,22.407
43.948,22.404
43.954,22.408
43.956,22.411
43.972,22.412
43.988,22.407
43.993,22.416
43.995,22.410
43.998,22.408
44.000,22.410
44.005,22.407
44.006,22.416
44.008,22.428
44.010,22.432
44.010,22.439
44.017,22.441
44.015,22.465
44.019,22.472
44.018,22.478
44.021,22.483
44.019,22.505
44.021,22.528
44.026,22.531
44.026,22.536
44.034,22.542
44.038,22.536
44.042,22.539
44.049,22.529
44.051,22.530
44.052,22.532
44.054,22.553
44.058,22.558
44.054,22.579
44.062,22.580
44.064,22.619
44.070,22.617
44.072,22.618
44.074,22.622
44.080,22.613
44.082,22.617
44.097,22.619
44.100,22.614
44.101,22.612
44.108,22.608
44.120,22.611
44.149,22.617
44.150,22.620
44.147,22.625
44.153,22.625
44.164,22.612
44.173,22.618
44.173,22.622
44.171,22.624
44.175,22.628
44.175,22.636
44.178,22.635
44.182,22.629
44.184,22.634
44.182,22.637
44.187,22.642
44.191,22.636
44.198,22.644
44.203,22.647
44.207,22.644
44.205,22.653
44.209,22.661
44.212,22.662
44.212,22.666
44.209,22.666
44.207,22.669
44.212,22.670
44.214,22.674
44.222,22.671
44.236,22.675
44.247,22.685
44.266,22.684
44.274,22.680
44.284,22.672
44.290,22.645
44.290,22.634
44.304,22.567
44.335,22.530
44.378,22.504
44.421,22.496
44.442,22.466
44.451,22.464
44.466,22.456
44.480,22.460
44.481,22.472
44.481,22.481
44.473,22.525
44.481,22.536
44.481,22.552
44.489,22.555
44.496,22.555
44.500,22.559
44.537,22.566
44.551,22.584
44.553,22.620
44.544,22.647
44.524,22.676
44.517,22.698
44.527,22.730
44.537,22.762
44.542,22.765
44.562,22.762
44.583,22.732
44.605,22.708
44.606,22.691
44.607,22.686
44.619,22.675
44.619,22.669
44.614,22.631
44.615,22.620
44.619,22.612
44.629,22.589
44.634,22.576
44.639,22.566
44.648,22.563
44.670,22.534
44.671,22.528
44.675,22.527
44.683,22.512
44.697,22.497
44.713,22.473
44.715,22.459
44.714,22.451
44.711,22.438
44.711,22.431
44.699,22.413
44.687,22.402
44.677,22.384
44.674,22.375
44.672,22.363
44.673,22.350
44.676,22.342
44.676,22.336
44.670,22.327
44.660,22.307
44.647,22.301
44.643,22.301
44.638,22.298
44.627,22.276
44.622,22.273
44.619,22.273
44.613,22.273
44.595,22.264
44.585,22.253
44.565,22.233
44.550,22.225
44.537,22.214
44.522,22.206
44.511,22.194
44.507,22.192
44.498,22.192
44.487,22.187
44.479,22.177
44.474,22.169
44.471,22.160
44.471,22.144
44.473,22.131
44.494,22.098
44.497,22.087
44.500,22.083
44.526,22.070
44.539,22.042
44.546,22.033
44.560,22.030
44.567,22.023
44.570,22.024
44.577,22.027
44.589,22.027
44.596,22.023
44.609,22.005
44.618,22.002
44.624,22.002
44.630,21.998
44.635,21.989
44.634,21.975
44.634,21.959
44.636,21.945
44.647,21.918
44.647,21.906
44.645,21.898
44.645,21.890
44.650,21.868
44.651,21.857
44.654,21.842
44.650,21.824
44.652,21.811
44.662,21.793
44.661,21.778
44.660,21.762
44.654,21.740
44.652,21.724
44.654,21.714
44.660,21.703
44.665,21.686
44.664,21.677
44.667,21.658
44.666,21.646
44.663,21.638
44.660,21.635
44.660,21.633
44.665,21.623
44.672,21.617
44.689,21.612
44.702,21.612
44.713,21.615
44.730,21.610
44.753,21.596
44.759,21.587
44.763,21.573
44.767,21.567
44.774,21.535
44.772,21.497
44.775,21.477
44.776,21.434
44.773,21.420
44.775,21.404
44.780,21.394
44.789,21.388
44.805,21.386
44.812,21.381
44.818,21.373
44.819,21.363
44.824,21.358
44.828,21.356
44.830,21.357
44.830,21.363
44.832,21.362
44.832,21.356
44.837,21.356
44.840,21.353
44.842,21.355
44.841,21.357
44.840,21.361
44.841,21.362
44.844,21.362
44.843,21.360
44.844,21.358
44.846,21.358
44.847,21.358
44.848,21.360
44.850,21.357
44.856,21.362
44.859,21.364
44.862,21.365
44.864,21.366
44.866,21.368
44.868,21.369
44.866,21.374
44.866,21.378
44.865,21.383
44.867,21.386
44.870,21.386
44.870,21.388
44.868,21.394
44.866,21.397
44.868,21.400
44.866,21.405
44.868,21.407
44.868,21.412
44.870,21.414
44.868,21.417
44.868,21.418
44.871,21.420
44.873,21.428
44.869,21.427
44.871,21.432
44.868,21.433
44.868,21.435
44.869,21.438
44.869,21.440
44.871,21.440
44.870,21.443
44.872,21.445
44.871,21.447
44.872,21.449
44.875,21.448
44.874,21.452
44.872,21.455
44.870,21.455
44.871,21.459
44.868,21.461
44.866,21.464
44.866,21.467
44.869,21.467
44.871,21.466
44.871,21.469
44.871,21.472
44.871,21.474
44.870,21.476
44.870,21.478
44.868,21.478
44.868,21.482
44.870,21.485
44.872,21.489
44.872,21.493
44.874,21.502
44.880,21.509
44.883,21.535
44.888,21.559
44.898,21.558
44.902,21.555
44.905,21.557
44.917,21.550
44.924,21.551
44.930,21.546
44.935,21.537
44.936,21.532
44.938,21.526
44.938,21.520
44.958,21.469
44.962,21.446
44.961,21.436
44.979,21.406
44.987,21.413
44.990,21.404
44.992,21.405
44.999,21.388
45.002,21.384
45.006,21.386
45.008,21.382
45.008,21.376
45.023,21.360
45.026,21.371
45.029,21.374
45.026,21.376
45.027,21.380
45.025,21.381
45.029,21.385
45.030,21.394
45.032,21.399
45.030,21.402
45.032,21.404
45.038,21.406
45.036,21.417
45.033,21.422
45.033,21.425
45.036,21.427
45.041,21.456
45.052,21.451
45.055,21.449
45.059,21.449
45.064,21.453
45.067,21.460
45.073,21.461
45.083,21.473
45.088,21.475
45.091,21.483
45.094,21.484
45.105,21.471
45.112,21.474
45.118,21.478
45.122,21.479
45.124,21.483
45.126,21.500
45.132,21.510
45.138,21.526
45.145,21.528
45.156,21.525
45.170,21.515
45.171,21.509
45.173,21.494
45.192,21.482
45.202,21.444
45.202,21.440
45.203,21.437
45.213,21.433
45.215,21.430
45.215,21.424
45.220,21.414
45.225,21.413
45.228,21.408
45.229,21.404
45.219,21.397
45.226,21.370
45.223,21.360
45.234,21.338
45.237,21.339
45.236,21.327
45.240,21.327
45.241,21.321
45.238,21.319
45.239,21.309
45.243,21.293
45.230,21.276
45.243,21.253
45.253,21.226
45.252,21.220
45.265,21.205
45.275,21.210
45.286,21.193
45.295,21.190
45.311,21.182
45.315,21.181
45.316,21.185
45.319,21.182
45.321,21.185
45.324,21.181
45.325,21.175
45.321,21.167
45.325,21.163
45.325,21.161
45.316,21.152
45.312,21.155
45.305,21.146
45.305,21.138
45.305,21.125
45.301,21.110
45.297,21.098
45.318,21.082
45.314,21.072
45.316,21.070
45.316,21.062
45.331,21.065
45.330,21.059
45.332,21.056
45.330,21.043
45.327,21.040
45.325,21.030
45.327,21.024
45.326,21.016
45.341,21.009
45.342,20.998
45.348,20.989
45.357,20.981
45.365,20.963
45.373,20.952
45.378,20.949
45.385,20.949
45.383,20.946
45.385,20.942
45.386,20.933
45.390,20.930
45.392,20.932
45.394,20.936
45.400,20.933
45.401,20.929
45.405,20.928
45.406,20.925
45.416,20.921
45.417,20.913
45.416,20.902
45.423,20.879
45.431,20.865
45.433,20.869
45.436,20.867
45.437,20.874
45.444,20.873
45.445,20.880
45.449,20.879
45.452,20.880
45.456,20.873
45.459,20.871
45.465,20.867
45.466,20.859
45.479,20.834
45.480,20.772
45.488,20.771
45.490,20.777
45.498,20.769
45.500,20.769
45.515,20.804
45.520,20.813
45.536,20.832
45.551,20.819
45.553,20.823
45.566,20.810
45.569,20.812
45.589,20.793
45.587,20.787
45.584,20.786
45.581,20.776
45.581,20.771
45.603,20.768
45.610,20.765
45.615,20.768
45.622,20.779
45.647,20.789
45.650,20.794
45.652,20.799
45.655,20.802
45.660,20.804
45.672,20.800
45.680,20.803
45.688,20.797
45.699,20.802
45.702,20.799
45.704,20.801
45.739,20.803
45.747,20.808
45.749,20.810
45.749,20.816
45.750,20.818
45.774,20.823
45.785,20.783
45.755,20.774
45.755,20.734
45.752,20.720
45.749,20.717
45.750,20.713
45.751,20.710
45.751,20.699
45.760,20.697
45.760,20.693
45.765,20.691
45.768,20.695
45.796,20.682
45.797,20.680
45.794,20.663
45.807,20.657
45.807,20.654
45.812,20.650
45.829,20.661
45.863,20.614
45.863,20.608
45.862,20.598
45.868,20.596
45.871,20.594
45.869,20.583
45.876,20.580
45.876,20.575
45.880,20.577
45.883,20.575
45.885,20.579
45.909,20.570
45.907,20.549
45.904,20.547
45.900,20.550
45.892,20.516
45.911,20.501
45.954,20.483
45.970,20.451
45.966,20.406
46.000,20.348
46.001,20.350
45.999,20.354
46.005,20.352
46.007,20.357
46.038,20.339
46.043,20.339
46.048,20.343
46.072,20.309
46.075,20.310
46.084,20.303
46.086,20.302
46.100,20.270
46.109,20.265
46.112,20.265
46.112,20.272
46.115,20.277
46.116,20.282
46.118,20.282
46.119,20.277
46.117,20.270
46.117,20.267
46.118,20.262
46.122,20.261
46.123,20.252